7000 0 -7000 -0
0 0 -0 -0
-7000 -0 7000 0
-0 -0 0 0

2475.25 -2475.25 -2475.25 2475.25
-2475.25 2475.25 2475.25 -2475.25
-2475.25 2475.25 2475.25 -2475.25
2475.25 -2475.25 -2475.25 2475.25


2475.25 2475.25 -2475.25 -2475.25
2475.25 2475.25 -2475.25 -2475.25
-2475.25 -2475.25 2475.25 2475.25
-2475.25 -2475.25 2475.25 2475.25


2.62458e-029 -4.28626e-013 -2.62458e-029 4.28626e-013
-4.28626e-013 7000 4.28626e-013 -7000
-2.62458e-029 4.28626e-013 2.62458e-029 -4.28626e-013
4.28626e-013 -7000 -4.28626e-013 7000


7000 -8.57253e-013 -7000 8.57253e-013
-8.57253e-013 1.04983e-028 8.57253e-013 -1.04983e-028
-7000 8.57253e-013 7000 -8.57253e-013
8.57253e-013 -1.04983e-028 -8.57253e-013 1.04983e-028


9475.25 -2475.25 -7000 0 -2475.25 2475.25 0 0
-2475.25 2475.25 0 0 2475.25 -2475.25 0 0
-7000 0 9475.25 2475.25 -2.62458e-029 4.28626e-013 -2475.25 -2475.25
0 0 2475.25 9475.25 4.28626e-013 -7000 -2475.25 -2475.25
-2475.25 2475.25 -2.62458e-029 4.28626e-013 9475.25 -2475.25 -7000 8.57253e-013
2475.25 -2475.25 4.28626e-013 -7000 -2475.25 9475.25 8.57253e-013 -1.04983e-028
0 0 -2475.25 -2475.25 -7000 8.57253e-013 9475.25 2475.25
0 0 -2475.25 -2475.25 8.57253e-013 -1.04983e-028 2475.25 2475.25